956085
931944
733303
939115
744762
393698
498465
930491
991985
556770
133785
907107
751767
910060
273889
489319
309129
793462
976762
617735
541623
614083
972084
491618
614742
294535
207578
865530
138725
144426
389536
356940
323503
621250
982543
573115
166569
701727
970716
824744
567736
578091
327998
391461
562404
561914
487908
848275
334949
990642
697046
799246
115274
723293
393828
896270
772963
399324
850672
226763
493905
220884
887880
485314
411809
147697
292016
188802
545333
194568
905901
172875
994263
551389
997510
445916
432563
301074
734822
715939
500221
477369
422897
376829
387131
514951
908501
149491
719095
889594
429935
922386
360324
921015
188894
531945
227252
800875
294716
298567
636002
266546
896433
995380
911013
693113
612118
318236
111579
364323
766790
577302
677145
894868
141635
590673
602808
813147
993781
328288
349033
110745
855149
625834
885510
312137
607561
434729
341932
722598
673629
757509
914448
976745
557051
262832
904715
876454
672819
611360
745307
158362
268656
502055
259924
990006
118089
119900
360177
244053
896952
863759
882802
417824
474924
647133
154105
725239
438830
780731
767693
132946
137307
296780
582577
936498
536340
402037
987570
954649
776291
324476
552619
216956
472002
706383
647083
289501
882791
278298
732455
228872
730534
198005
781321
133563
442859
965233
368909
589380
325402
256839
479606
282882
564627
470303
720333
998094
189861
865284
627200
688252
389260
483460
645233
815088
902799
881066
355162
510148
530417
852459
709447
668845
330274
381966
313015
705230
565728
640466
215596
827710
100787
804394
752480
618651
612230
391847
887423
799941
890365
889346
714801
161768
409054
293737
148734
643006
268754
674344
585578
769864
452681
879386
451920
948708
807308
607518
129077
161648
619111
317344
829336
877779
584551
369575
356470
919433
723550
549090
217542
171073
883887
824864
803322
452454
859347
588140
399929
910902
127347
950098
994426
181638
714342
195527
352363
937139
821564
291202
683732
286535
150530
341987
797275
211321
670640
279777
426103
715203
126664
939139
508869
440530
693235
140701
675671
810107
278496
151818
501639
823082
258249
118735
817380
239796
468016
428535
894564
121889
241325
650746
978152
327560
455063
154549
989041
880045
675079
301154
873840
263545
922983
811271
200157
884788
786509
767027
470957
917176
677154
856722
907254
687666
605403
918841
892865
559306
316515
705529
772312
425540
333683
398620
894710
315505
696476
831118
682648
724868
372384
888889
968731
657362
151975
374373
746946
601235
583413
166223
414101
205778
529149
631539
421559
331950
188467
371351
947778
939706
562792
632318
609631
221826
723021
496417
513925
416239
517721
837474
619819
315614
112422
651959
449224
933310
822188
988206
977598
981928
947966
278957
473845
222128
284764
153725
394576
130137
939100
294331
750939
831256
934236
852062
573502
467898
500711
294465
131779
309937
938262
883136
167213
550158
231635
364719
234458
902734
552471
930240
112452
966393
404168
537336
135343
534932
191604
730000
237611
468023
245072
910258
391743
377012
245519
572212
897768
533383
858667
827581
828105
239545
724343
144568
628137
953942
369746
565652
516759
683962
855136
662421
707674
399052
188572
252012
827524
721709
145160
838832
424285
452781
821173
834955
841640
259729
318298
377536
983010
181516
362266
174573
447724
655514
989745
794891
956310
662097
152186
282084
219063
437528
535216
393043
451628
429587
333208
598626
615455
541425
486746
215116
173699
451073
869940
851510
421120
665740
335512
103806
